3.890000000000000000e+02
4.180000000000000000e+02
3.920000000000000000e+02
4.240000000000000000e+02
4.560000000000000000e+02
5.200000000000000000e+02
4.880000000000000000e+02
4.500000000000000000e+02
3.860000000000000000e+02
4.510000000000000000e+02
3.930000000000000000e+02
4.190000000000000000e+02
4.890000000000000000e+02
3.870000000000000000e+02
4.590000000000000000e+02
3.900000000000000000e+02
4.830000000000000000e+02
5.460000000000000000e+02
4.230000000000000000e+02
5.470000000000000000e+02
4.580000000000000000e+02
4.220000000000000000e+02
4.490000000000000000e+02
4.200000000000000000e+02
4.520000000000000000e+02
4.870000000000000000e+02
4.570000000000000000e+02
4.810000000000000000e+02
5.150000000000000000e+02
5.130000000000000000e+02
5.780000000000000000e+02
3.940000000000000000e+02
4.250000000000000000e+02
4.820000000000000000e+02
3.570000000000000000e+02
4.270000000000000000e+02
5.190000000000000000e+02
3.600000000000000000e+02
6.100000000000000000e+02
4.210000000000000000e+02
5.520000000000000000e+02
5.210000000000000000e+02
5.140000000000000000e+02
5.790000000000000000e+02
4.260000000000000000e+02
4.910000000000000000e+02
5.480000000000000000e+02
4.550000000000000000e+02
4.900000000000000000e+02
5.530000000000000000e+02
4.540000000000000000e+02
3.610000000000000000e+02
5.450000000000000000e+02
4.840000000000000000e+02
3.590000000000000000e+02
4.850000000000000000e+02
3.880000000000000000e+02
5.800000000000000000e+02
5.170000000000000000e+02
5.220000000000000000e+02
5.490000000000000000e+02
4.530000000000000000e+02
4.600000000000000000e+02
5.160000000000000000e+02
4.860000000000000000e+02
4.760000000000000000e+02
3.290000000000000000e+02
3.280000000000000000e+02
4.440000000000000000e+02
5.230000000000000000e+02
5.840000000000000000e+02
5.080000000000000000e+02
5.850000000000000000e+02
6.110000000000000000e+02
3.950000000000000000e+02
6.120000000000000000e+02
4.920000000000000000e+02
4.420000000000000000e+02
4.280000000000000000e+02
4.730000000000000000e+02
3.910000000000000000e+02
4.100000000000000000e+02
3.620000000000000000e+02
5.090000000000000000e+02
4.170000000000000000e+02
4.410000000000000000e+02
3.560000000000000000e+02
3.540000000000000000e+02
5.830000000000000000e+02
5.770000000000000000e+02
4.120000000000000000e+02
3.580000000000000000e+02
4.740000000000000000e+02
4.450000000000000000e+02
5.510000000000000000e+02
4.770000000000000000e+02
3.270000000000000000e+02
5.810000000000000000e+02
5.410000000000000000e+02
5.540000000000000000e+02
5.050000000000000000e+02
5.180000000000000000e+02
5.550000000000000000e+02
6.420000000000000000e+02
3.960000000000000000e+02
4.130000000000000000e+02
4.090000000000000000e+02
2.950000000000000000e+02
5.240000000000000000e+02
5.100000000000000000e+02
4.310000000000000000e+02
5.860000000000000000e+02
5.400000000000000000e+02
3.550000000000000000e+02
4.430000000000000000e+02
4.780000000000000000e+02
5.500000000000000000e+02
6.130000000000000000e+02
3.300000000000000000e+02
5.060000000000000000e+02
6.740000000000000000e+02
6.170000000000000000e+02
4.720000000000000000e+02
4.110000000000000000e+02
3.630000000000000000e+02
4.630000000000000000e+02
6.440000000000000000e+02
4.400000000000000000e+02
5.270000000000000000e+02
4.950000000000000000e+02
5.420000000000000000e+02
5.880000000000000000e+02
5.730000000000000000e+02
5.560000000000000000e+02
5.040000000000000000e+02
7.060000000000000000e+02
4.460000000000000000e+02
2.630000000000000000e+02
2.960000000000000000e+02
6.150000000000000000e+02
6.750000000000000000e+02
3.800000000000000000e+02
6.450000000000000000e+02
2.970000000000000000e+02
6.090000000000000000e+02
6.160000000000000000e+02
6.480000000000000000e+02
1.740000000000000000e+02
4.610000000000000000e+02
5.740000000000000000e+02
6.430000000000000000e+02
6.490000000000000000e+02
4.750000000000000000e+02
7.080000000000000000e+02
5.360000000000000000e+02
3.990000000000000000e+02
2.310000000000000000e+02
3.250000000000000000e+02
6.050000000000000000e+02
3.260000000000000000e+02
2.300000000000000000e+02
2.320000000000000000e+02
5.370000000000000000e+02
3.770000000000000000e+02
4.080000000000000000e+02
4.290000000000000000e+02
2.930000000000000000e+02
3.780000000000000000e+02
4.140000000000000000e+02
7.070000000000000000e+02
6.760000000000000000e+02
3.640000000000000000e+02
2.640000000000000000e+02
5.720000000000000000e+02
3.810000000000000000e+02
3.790000000000000000e+02
3.850000000000000000e+02
5.070000000000000000e+02
3.970000000000000000e+02
2.940000000000000000e+02
4.930000000000000000e+02
3.220000000000000000e+02
5.870000000000000000e+02
8.770000000000000000e+02
5.590000000000000000e+02
5.680000000000000000e+02
1.420000000000000000e+02
2.620000000000000000e+02
3.310000000000000000e+02
6.180000000000000000e+02
7.380000000000000000e+02
5.380000000000000000e+02
7.390000000000000000e+02
6.140000000000000000e+02
3.760000000000000000e+02
4.300000000000000000e+02
4.800000000000000000e+02
3.120000000000000000e+02
6.800000000000000000e+02
2.980000000000000000e+02
6.060000000000000000e+02
7.400000000000000000e+02
4.380000000000000000e+02
2.650000000000000000e+02
4.390000000000000000e+02
