3.890000000000000000e+02
4.180000000000000000e+02
3.920000000000000000e+02
4.240000000000000000e+02
4.560000000000000000e+02
5.200000000000000000e+02
4.880000000000000000e+02
4.500000000000000000e+02
3.860000000000000000e+02
4.510000000000000000e+02
3.930000000000000000e+02
4.190000000000000000e+02
4.890000000000000000e+02
3.870000000000000000e+02
4.590000000000000000e+02
3.900000000000000000e+02
4.830000000000000000e+02
5.460000000000000000e+02
4.230000000000000000e+02
5.470000000000000000e+02
4.580000000000000000e+02
4.220000000000000000e+02
4.490000000000000000e+02
4.200000000000000000e+02
4.520000000000000000e+02
4.870000000000000000e+02
4.570000000000000000e+02
4.810000000000000000e+02
5.150000000000000000e+02
5.130000000000000000e+02
5.780000000000000000e+02
3.940000000000000000e+02
4.250000000000000000e+02
4.820000000000000000e+02
3.570000000000000000e+02
4.270000000000000000e+02
5.190000000000000000e+02
3.600000000000000000e+02
6.100000000000000000e+02
4.210000000000000000e+02
5.520000000000000000e+02
5.210000000000000000e+02
5.140000000000000000e+02
5.790000000000000000e+02
4.260000000000000000e+02
4.910000000000000000e+02
5.480000000000000000e+02
4.550000000000000000e+02
4.900000000000000000e+02
5.530000000000000000e+02
4.540000000000000000e+02
3.610000000000000000e+02
5.450000000000000000e+02
4.840000000000000000e+02
3.590000000000000000e+02
4.850000000000000000e+02
3.880000000000000000e+02
5.800000000000000000e+02
5.170000000000000000e+02
5.220000000000000000e+02
5.490000000000000000e+02
4.530000000000000000e+02
4.600000000000000000e+02
5.160000000000000000e+02
4.860000000000000000e+02
4.760000000000000000e+02
3.290000000000000000e+02
3.280000000000000000e+02
4.440000000000000000e+02
5.230000000000000000e+02
5.840000000000000000e+02
5.080000000000000000e+02
5.850000000000000000e+02
6.110000000000000000e+02
3.950000000000000000e+02
6.120000000000000000e+02
4.920000000000000000e+02
4.420000000000000000e+02
4.280000000000000000e+02
4.730000000000000000e+02
3.910000000000000000e+02
4.100000000000000000e+02
3.620000000000000000e+02
5.090000000000000000e+02
4.170000000000000000e+02
4.410000000000000000e+02
3.560000000000000000e+02
3.540000000000000000e+02
5.830000000000000000e+02
5.770000000000000000e+02
4.120000000000000000e+02
3.580000000000000000e+02
4.740000000000000000e+02
4.450000000000000000e+02
5.510000000000000000e+02
4.770000000000000000e+02
3.270000000000000000e+02
5.810000000000000000e+02
5.410000000000000000e+02
5.540000000000000000e+02
5.050000000000000000e+02
5.180000000000000000e+02
