4.890000000000000000e+02
1.059000000000000000e+03
1.771000000000000000e+03
1.770000000000000000e+03
1.411000000000000000e+03
5.140000000000000000e+02
3.980000000000000000e+02
6.100000000000000000e+01
5.120000000000000000e+02
7.790000000000000000e+02
1.324000000000000000e+03
1.370000000000000000e+02
1.581000000000000000e+03
1.345000000000000000e+03
1.971000000000000000e+03
5.300000000000000000e+01
4.660000000000000000e+02
1.866000000000000000e+03
1.899000000000000000e+03
1.247000000000000000e+03
1.152000000000000000e+03
4.200000000000000000e+01
5.890000000000000000e+02
7.100000000000000000e+01
1.066000000000000000e+03
9.630000000000000000e+02
9.930000000000000000e+02
4.260000000000000000e+02
1.040000000000000000e+02
1.029000000000000000e+03
1.729000000000000000e+03
1.046000000000000000e+03
1.441000000000000000e+03
1.472000000000000000e+03
1.292000000000000000e+03
1.958000000000000000e+03
1.413000000000000000e+03
1.620000000000000000e+02
1.199000000000000000e+03
8.010000000000000000e+02
3.160000000000000000e+02
6.240000000000000000e+02
1.255000000000000000e+03
1.405000000000000000e+03
6.930000000000000000e+02
2.570000000000000000e+02
7.150000000000000000e+02
6.510000000000000000e+02
1.774000000000000000e+03
1.001000000000000000e+03
1.136000000000000000e+03
6.380000000000000000e+02
1.260000000000000000e+02
1.114000000000000000e+03
1.226000000000000000e+03
1.964000000000000000e+03
2.400000000000000000e+02
3.580000000000000000e+02
1.807000000000000000e+03
4.990000000000000000e+02
1.745000000000000000e+03
3.640000000000000000e+02
1.038000000000000000e+03
1.647000000000000000e+03
1.380000000000000000e+03
9.880000000000000000e+02
7.400000000000000000e+01
4.600000000000000000e+01
1.832000000000000000e+03
1.400000000000000000e+02
7.000000000000000000e+00
1.060000000000000000e+02
2.500000000000000000e+01
3.300000000000000000e+02
6.970000000000000000e+02
3.900000000000000000e+02
9.910000000000000000e+02
1.465000000000000000e+03
1.041000000000000000e+03
1.365000000000000000e+03
7.800000000000000000e+01
9.000000000000000000e+01
9.080000000000000000e+02
1.860000000000000000e+02
5.700000000000000000e+02
1.903000000000000000e+03
3.590000000000000000e+02
1.400000000000000000e+01
2.220000000000000000e+02
1.240000000000000000e+02
1.919000000000000000e+03
1.305000000000000000e+03
1.640000000000000000e+02
3.000000000000000000e+01
1.633000000000000000e+03
1.797000000000000000e+03
1.420000000000000000e+02
1.185000000000000000e+03
4.940000000000000000e+02
1.642000000000000000e+03
3.600000000000000000e+01
7.780000000000000000e+02
1.318000000000000000e+03
4.900000000000000000e+01
5.000000000000000000e+01
5.100000000000000000e+01
5.200000000000000000e+01
1.193000000000000000e+03
8.290000000000000000e+02
2.650000000000000000e+02
1.666000000000000000e+03
5.850000000000000000e+02
1.333000000000000000e+03
1.901000000000000000e+03
1.262000000000000000e+03
1.186000000000000000e+03
1.514000000000000000e+03
2.600000000000000000e+01
4.630000000000000000e+02
7.250000000000000000e+02
1.726000000000000000e+03
1.911000000000000000e+03
1.980000000000000000e+02
8.370000000000000000e+02
1.339000000000000000e+03
1.707000000000000000e+03
1.031000000000000000e+03
1.545000000000000000e+03
1.607000000000000000e+03
5.990000000000000000e+02
1.270000000000000000e+02
1.412000000000000000e+03
1.336000000000000000e+03
9.500000000000000000e+01
6.600000000000000000e+02
1.750000000000000000e+03
9.820000000000000000e+02
1.536000000000000000e+03
1.208000000000000000e+03
1.338000000000000000e+03
1.649000000000000000e+03
7.320000000000000000e+02
4.390000000000000000e+02
9.720000000000000000e+02
9.780000000000000000e+02
1.886000000000000000e+03
1.959000000000000000e+03
8.400000000000000000e+01
9.570000000000000000e+02
1.870000000000000000e+02
1.042000000000000000e+03
2.950000000000000000e+02
8.920000000000000000e+02
4.410000000000000000e+02
9.000000000000000000e+02
3.330000000000000000e+02
6.320000000000000000e+02
8.810000000000000000e+02
1.167000000000000000e+03
1.047000000000000000e+03
1.010000000000000000e+02
1.566000000000000000e+03
1.798000000000000000e+03
1.144000000000000000e+03
1.850000000000000000e+03
1.809000000000000000e+03
1.801000000000000000e+03
3.420000000000000000e+02
7.940000000000000000e+02
1.915000000000000000e+03
2.090000000000000000e+02
1.352000000000000000e+03
1.523000000000000000e+03
1.293000000000000000e+03
1.312000000000000000e+03
1.837000000000000000e+03
1.209000000000000000e+03
1.992000000000000000e+03
1.885000000000000000e+03
1.572000000000000000e+03
1.013000000000000000e+03
1.138000000000000000e+03
1.533000000000000000e+03
1.760000000000000000e+02
1.135000000000000000e+03
1.869000000000000000e+03
4.810000000000000000e+02
1.810000000000000000e+02
8.770000000000000000e+02
1.460000000000000000e+03
6.260000000000000000e+02
9.940000000000000000e+02
1.789000000000000000e+03
1.755000000000000000e+03
1.104000000000000000e+03
7.550000000000000000e+02
1.902000000000000000e+03
1.266000000000000000e+03
1.670000000000000000e+03
2.760000000000000000e+02
