4.890000000000000000e+02
1.059000000000000000e+03
1.771000000000000000e+03
1.770000000000000000e+03
1.411000000000000000e+03
5.140000000000000000e+02
3.980000000000000000e+02
6.100000000000000000e+01
5.120000000000000000e+02
7.790000000000000000e+02
1.324000000000000000e+03
1.370000000000000000e+02
1.581000000000000000e+03
1.345000000000000000e+03
1.971000000000000000e+03
5.300000000000000000e+01
4.660000000000000000e+02
1.866000000000000000e+03
1.899000000000000000e+03
1.247000000000000000e+03
1.152000000000000000e+03
4.200000000000000000e+01
5.890000000000000000e+02
7.100000000000000000e+01
1.066000000000000000e+03
9.630000000000000000e+02
9.930000000000000000e+02
4.260000000000000000e+02
1.040000000000000000e+02
1.029000000000000000e+03
1.729000000000000000e+03
1.046000000000000000e+03
1.441000000000000000e+03
1.472000000000000000e+03
1.292000000000000000e+03
1.958000000000000000e+03
1.413000000000000000e+03
1.620000000000000000e+02
1.199000000000000000e+03
8.010000000000000000e+02
3.160000000000000000e+02
6.240000000000000000e+02
1.255000000000000000e+03
1.405000000000000000e+03
6.930000000000000000e+02
2.570000000000000000e+02
7.150000000000000000e+02
6.510000000000000000e+02
1.774000000000000000e+03
1.001000000000000000e+03
1.136000000000000000e+03
6.380000000000000000e+02
1.260000000000000000e+02
1.114000000000000000e+03
1.226000000000000000e+03
1.964000000000000000e+03
2.400000000000000000e+02
3.580000000000000000e+02
1.807000000000000000e+03
4.990000000000000000e+02
1.745000000000000000e+03
3.640000000000000000e+02
1.038000000000000000e+03
1.647000000000000000e+03
1.380000000000000000e+03
9.880000000000000000e+02
7.400000000000000000e+01
4.600000000000000000e+01
1.832000000000000000e+03
1.400000000000000000e+02
7.000000000000000000e+00
1.060000000000000000e+02
2.500000000000000000e+01
3.300000000000000000e+02
6.970000000000000000e+02
3.900000000000000000e+02
9.910000000000000000e+02
1.465000000000000000e+03
1.041000000000000000e+03
1.365000000000000000e+03
7.800000000000000000e+01
9.000000000000000000e+01
9.080000000000000000e+02
1.860000000000000000e+02
5.700000000000000000e+02
1.903000000000000000e+03
3.590000000000000000e+02
1.400000000000000000e+01
2.220000000000000000e+02
1.240000000000000000e+02
1.919000000000000000e+03
1.305000000000000000e+03
1.640000000000000000e+02
3.000000000000000000e+01
1.633000000000000000e+03
1.797000000000000000e+03
1.420000000000000000e+02
1.185000000000000000e+03
4.940000000000000000e+02
1.642000000000000000e+03
3.600000000000000000e+01
7.780000000000000000e+02
1.318000000000000000e+03
4.900000000000000000e+01
5.000000000000000000e+01
5.100000000000000000e+01
5.200000000000000000e+01
1.193000000000000000e+03
8.290000000000000000e+02
2.650000000000000000e+02
1.666000000000000000e+03
5.850000000000000000e+02
1.333000000000000000e+03
1.901000000000000000e+03
1.262000000000000000e+03
1.186000000000000000e+03
1.514000000000000000e+03
2.600000000000000000e+01
4.630000000000000000e+02
7.250000000000000000e+02
1.726000000000000000e+03
1.911000000000000000e+03
1.980000000000000000e+02
8.370000000000000000e+02
1.339000000000000000e+03
1.707000000000000000e+03
1.031000000000000000e+03
1.545000000000000000e+03
1.607000000000000000e+03
5.990000000000000000e+02
1.270000000000000000e+02
1.412000000000000000e+03
1.336000000000000000e+03
9.500000000000000000e+01
6.600000000000000000e+02
1.750000000000000000e+03
9.820000000000000000e+02
1.536000000000000000e+03
1.208000000000000000e+03
1.338000000000000000e+03
1.649000000000000000e+03
7.320000000000000000e+02
4.390000000000000000e+02
9.720000000000000000e+02
9.780000000000000000e+02
1.886000000000000000e+03
1.959000000000000000e+03
8.400000000000000000e+01
9.570000000000000000e+02
1.870000000000000000e+02
1.042000000000000000e+03
2.950000000000000000e+02
8.920000000000000000e+02
4.410000000000000000e+02
9.000000000000000000e+02
3.330000000000000000e+02
6.320000000000000000e+02
8.810000000000000000e+02
1.167000000000000000e+03
1.047000000000000000e+03
1.010000000000000000e+02
1.566000000000000000e+03
1.798000000000000000e+03
1.144000000000000000e+03
1.850000000000000000e+03
1.809000000000000000e+03
1.801000000000000000e+03
3.420000000000000000e+02
7.940000000000000000e+02
1.915000000000000000e+03
2.090000000000000000e+02
1.352000000000000000e+03
1.523000000000000000e+03
1.293000000000000000e+03
1.312000000000000000e+03
1.837000000000000000e+03
1.209000000000000000e+03
1.992000000000000000e+03
1.885000000000000000e+03
1.572000000000000000e+03
1.013000000000000000e+03
1.138000000000000000e+03
1.533000000000000000e+03
1.760000000000000000e+02
1.135000000000000000e+03
1.869000000000000000e+03
4.810000000000000000e+02
1.810000000000000000e+02
8.770000000000000000e+02
1.460000000000000000e+03
6.260000000000000000e+02
9.940000000000000000e+02
1.789000000000000000e+03
1.755000000000000000e+03
1.104000000000000000e+03
7.550000000000000000e+02
1.902000000000000000e+03
1.266000000000000000e+03
1.670000000000000000e+03
2.760000000000000000e+02
1.045000000000000000e+03
2.800000000000000000e+02
1.463000000000000000e+03
1.308000000000000000e+03
1.371000000000000000e+03
1.838000000000000000e+03
2.980000000000000000e+02
7.230000000000000000e+02
6.390000000000000000e+02
1.460000000000000000e+02
1.469000000000000000e+03
1.311000000000000000e+03
7.010000000000000000e+02
4.950000000000000000e+02
1.035000000000000000e+03
5.280000000000000000e+02
1.756000000000000000e+03
2.440000000000000000e+02
2.660000000000000000e+02
5.380000000000000000e+02
1.063000000000000000e+03
9.420000000000000000e+02
9.000000000000000000e+00
3.460000000000000000e+02
9.610000000000000000e+02
1.616000000000000000e+03
1.313000000000000000e+03
1.678000000000000000e+03
1.497000000000000000e+03
1.897000000000000000e+03
4.290000000000000000e+02
1.264000000000000000e+03
3.960000000000000000e+02
3.830000000000000000e+02
4.880000000000000000e+02
8.000000000000000000e+02
9.350000000000000000e+02
1.119000000000000000e+03
7.540000000000000000e+02
3.950000000000000000e+02
1.298000000000000000e+03
2.820000000000000000e+02
5.550000000000000000e+02
4.120000000000000000e+02
4.220000000000000000e+02
1.548000000000000000e+03
1.749000000000000000e+03
1.380000000000000000e+02
1.530000000000000000e+03
9.580000000000000000e+02
2.630000000000000000e+02
1.677000000000000000e+03
2.480000000000000000e+02
4.650000000000000000e+02
9.400000000000000000e+01
1.937000000000000000e+03
1.195000000000000000e+03
1.529000000000000000e+03
6.470000000000000000e+02
7.520000000000000000e+02
1.639000000000000000e+03
2.580000000000000000e+02
9.770000000000000000e+02
1.453000000000000000e+03
1.762000000000000000e+03
1.334000000000000000e+03
1.259000000000000000e+03
3.280000000000000000e+02
1.430000000000000000e+02
1.540000000000000000e+03
1.369000000000000000e+03
1.784000000000000000e+03
5.480000000000000000e+02
8.500000000000000000e+01
5.400000000000000000e+02
5.900000000000000000e+01
2.720000000000000000e+02
5.650000000000000000e+02
6.190000000000000000e+02
9.010000000000000000e+02
1.275000000000000000e+03
5.800000000000000000e+02
6.780000000000000000e+02
6.000000000000000000e+02
1.198000000000000000e+03
1.871000000000000000e+03
1.582000000000000000e+03
9.480000000000000000e+02
1.446000000000000000e+03
2.640000000000000000e+02
1.410000000000000000e+03
1.731000000000000000e+03
6.200000000000000000e+02
1.202000000000000000e+03
4.430000000000000000e+02
4.000000000000000000e+00
2.260000000000000000e+02
1.290000000000000000e+02
1.974000000000000000e+03
1.985000000000000000e+03
1.468000000000000000e+03
2.510000000000000000e+02
1.763000000000000000e+03
1.970000000000000000e+02
1.327000000000000000e+03
1.574000000000000000e+03
1.273000000000000000e+03
2.430000000000000000e+02
5.490000000000000000e+02
1.511000000000000000e+03
1.982000000000000000e+03
2.100000000000000000e+01
5.620000000000000000e+02
1.265000000000000000e+03
1.945000000000000000e+03
1.969000000000000000e+03
1.600000000000000000e+01
1.910000000000000000e+03
1.960000000000000000e+03
5.750000000000000000e+02
9.390000000000000000e+02
3.150000000000000000e+02
6.400000000000000000e+01
1.629000000000000000e+03
1.525000000000000000e+03
6.720000000000000000e+02
6.130000000000000000e+02
1.900000000000000000e+01
1.674000000000000000e+03
6.180000000000000000e+02
1.630000000000000000e+03
1.723000000000000000e+03
1.378000000000000000e+03
2.200000000000000000e+01
1.769000000000000000e+03
1.212000000000000000e+03
5.370000000000000000e+02
1.823000000000000000e+03
4.140000000000000000e+02
3.090000000000000000e+02
1.833000000000000000e+03
4.740000000000000000e+02
9.440000000000000000e+02
2.060000000000000000e+02
5.260000000000000000e+02
1.270000000000000000e+03
1.803000000000000000e+03
9.810000000000000000e+02
9.800000000000000000e+02
2.860000000000000000e+02
1.780000000000000000e+02
1.928000000000000000e+03
6.340000000000000000e+02
1.650000000000000000e+03
5.600000000000000000e+01
2.700000000000000000e+01
4.910000000000000000e+02
7.440000000000000000e+02
6.070000000000000000e+02
1.436000000000000000e+03
1.651000000000000000e+03
1.074000000000000000e+03
1.934000000000000000e+03
1.557000000000000000e+03
1.920000000000000000e+03
1.109000000000000000e+03
7.900000000000000000e+02
8.760000000000000000e+02
7.330000000000000000e+02
7.930000000000000000e+02
1.000000000000000000e+01
1.060000000000000000e+03
8.200000000000000000e+01
5.610000000000000000e+02
1.235000000000000000e+03
2.700000000000000000e+02
1.549000000000000000e+03
1.921000000000000000e+03
1.500000000000000000e+01
5.030000000000000000e+02
9.790000000000000000e+02
1.870000000000000000e+03
1.650000000000000000e+02
1.668000000000000000e+03
4.900000000000000000e+02
9.900000000000000000e+01
4.500000000000000000e+01
1.895000000000000000e+03
2.000000000000000000e+01
8.890000000000000000e+02
1.890000000000000000e+02
1.991000000000000000e+03
1.560000000000000000e+02
3.680000000000000000e+02
8.700000000000000000e+01
1.130000000000000000e+02
2.740000000000000000e+02
1.994000000000000000e+03
1.350000000000000000e+03
1.718000000000000000e+03
