1.350000000000000000e+02
9.600000000000000000e+01
9.800000000000000000e+01
1.470000000000000000e+02
2.000000000000000000e+00
1.370000000000000000e+02
1.400000000000000000e+02
6.400000000000000000e+01
1.290000000000000000e+02
8.200000000000000000e+01
6.900000000000000000e+01
3.000000000000000000e+01
1.310000000000000000e+02
9.500000000000000000e+01
1.480000000000000000e+02
1.460000000000000000e+02
6.700000000000000000e+01
1.230000000000000000e+02
1.110000000000000000e+02
1.430000000000000000e+02
4.600000000000000000e+01
8.300000000000000000e+01
8.600000000000000000e+01
3.600000000000000000e+01
8.500000000000000000e+01
5.000000000000000000e+01
5.700000000000000000e+01
1.650000000000000000e+02
1.560000000000000000e+02
1.640000000000000000e+02
7.600000000000000000e+01
1.170000000000000000e+02
4.000000000000000000e+01
7.000000000000000000e+01
1.500000000000000000e+01
8.100000000000000000e+01
1.620000000000000000e+02
1.240000000000000000e+02
3.800000000000000000e+01
5.000000000000000000e+00
1.600000000000000000e+01
9.000000000000000000e+01
1.600000000000000000e+02
9.700000000000000000e+01
6.000000000000000000e+01
2.500000000000000000e+01
1.610000000000000000e+02
1.120000000000000000e+02
1.550000000000000000e+02
1.010000000000000000e+02
8.000000000000000000e+01
5.800000000000000000e+01
3.100000000000000000e+01
7.100000000000000000e+01
1.540000000000000000e+02
1.500000000000000000e+02
1.390000000000000000e+02
4.700000000000000000e+01
9.100000000000000000e+01
1.530000000000000000e+02
1.000000000000000000e+00
6.100000000000000000e+01
1.300000000000000000e+02
5.300000000000000000e+01
2.300000000000000000e+01
6.200000000000000000e+01
