1.450000000000000000e+02
3.560000000000000000e+02
2.090000000000000000e+02
5.480000000000000000e+02
9.600000000000000000e+01
8.000000000000000000e+02
5.120000000000000000e+02
2.360000000000000000e+02
8.330000000000000000e+02
9.700000000000000000e+01
3.880000000000000000e+02
4.280000000000000000e+02
3.810000000000000000e+02
1.440000000000000000e+02
4.810000000000000000e+02
5.470000000000000000e+02
7.360000000000000000e+02
5.160000000000000000e+02
2.060000000000000000e+02
2.160000000000000000e+02
4.840000000000000000e+02
1.720000000000000000e+02
8.650000000000000000e+02
1.770000000000000000e+02
4.830000000000000000e+02
1.790000000000000000e+02
2.050000000000000000e+02
8.340000000000000000e+02
3.320000000000000000e+02
2.080000000000000000e+02
7.810000000000000000e+02
1.350000000000000000e+02
7.080000000000000000e+02
5.810000000000000000e+02
7.390000000000000000e+02
6.120000000000000000e+02
2.100000000000000000e+02
2.410000000000000000e+02
1.290000000000000000e+02
4.480000000000000000e+02
8.320000000000000000e+02
6.600000000000000000e+01
7.680000000000000000e+02
4.590000000000000000e+02
9.550000000000000000e+02
4.800000000000000000e+02
2.380000000000000000e+02
6.400000000000000000e+01
1.820000000000000000e+02
2.690000000000000000e+02
8.440000000000000000e+02
5.440000000000000000e+02
7.500000000000000000e+02
9.800000000000000000e+01
1.750000000000000000e+02
5.760000000000000000e+02
8.660000000000000000e+02
1.810000000000000000e+02
1.730000000000000000e+02
1.640000000000000000e+02
7.400000000000000000e+02
2.240000000000000000e+02
7.040000000000000000e+02
6.360000000000000000e+02
8.130000000000000000e+02
2.340000000000000000e+02
1.360000000000000000e+02
7.710000000000000000e+02
3.220000000000000000e+02
8.640000000000000000e+02
7.510000000000000000e+02
8.510000000000000000e+02
1.990000000000000000e+02
7.830000000000000000e+02
2.040000000000000000e+02
1.630000000000000000e+02
1.280000000000000000e+02
7.490000000000000000e+02
2.150000000000000000e+02
2.130000000000000000e+02
1.740000000000000000e+02
2.140000000000000000e+02
2.560000000000000000e+02
9.220000000000000000e+02
2.120000000000000000e+02
5.790000000000000000e+02
5.130000000000000000e+02
2.480000000000000000e+02
8.680000000000000000e+02
2.070000000000000000e+02
9.610000000000000000e+02
1.800000000000000000e+02
2.260000000000000000e+02
9.240000000000000000e+02
8.010000000000000000e+02
7.060000000000000000e+02
4.130000000000000000e+02
4.500000000000000000e+02
1.760000000000000000e+02
6.720000000000000000e+02
8.460000000000000000e+02
9.530000000000000000e+02
5.210000000000000000e+02
2.370000000000000000e+02
3.350000000000000000e+02
6.760000000000000000e+02
8.350000000000000000e+02
1.780000000000000000e+02
3.010000000000000000e+02
4.160000000000000000e+02
8.960000000000000000e+02
9.540000000000000000e+02
9.230000000000000000e+02
2.350000000000000000e+02
5.150000000000000000e+02
1.960000000000000000e+02
9.600000000000000000e+02
1.180000000000000000e+02
7.820000000000000000e+02
4.920000000000000000e+02
8.260000000000000000e+02
8.670000000000000000e+02
2.880000000000000000e+02
6.400000000000000000e+02
2.400000000000000000e+02
1.680000000000000000e+02
4.180000000000000000e+02
8.450000000000000000e+02
5.240000000000000000e+02
3.970000000000000000e+02
3.840000000000000000e+02
7.690000000000000000e+02
9.520000000000000000e+02
1.170000000000000000e+02
7.070000000000000000e+02
2.760000000000000000e+02
1.470000000000000000e+02
9.250000000000000000e+02
9.620000000000000000e+02
8.720000000000000000e+02
8.140000000000000000e+02
6.080000000000000000e+02
8.040000000000000000e+02
5.000000000000000000e+02
8.300000000000000000e+01
4.820000000000000000e+02
3.540000000000000000e+02
1.510000000000000000e+02
2.290000000000000000e+02
3.030000000000000000e+02
1.660000000000000000e+02
7.720000000000000000e+02
3.020000000000000000e+02
8.900000000000000000e+02
3.210000000000000000e+02
8.930000000000000000e+02
9.950000000000000000e+02
9.290000000000000000e+02
8.580000000000000000e+02
8.360000000000000000e+02
3.860000000000000000e+02
1.650000000000000000e+02
1.330000000000000000e+02
6.680000000000000000e+02
2.860000000000000000e+02
3.530000000000000000e+02
3.340000000000000000e+02
8.120000000000000000e+02
5.770000000000000000e+02
8.630000000000000000e+02
8.020000000000000000e+02
3.640000000000000000e+02
2.700000000000000000e+02
1.022000000000000000e+03
1.150000000000000000e+02
1.300000000000000000e+02
9.160000000000000000e+02
4.960000000000000000e+02
1.840000000000000000e+02
5.800000000000000000e+02
1.520000000000000000e+02
3.330000000000000000e+02
8.940000000000000000e+02
4.450000000000000000e+02
5.450000000000000000e+02
1.490000000000000000e+02
7.840000000000000000e+02
3.130000000000000000e+02
2.920000000000000000e+02
8.920000000000000000e+02
4.580000000000000000e+02
2.610000000000000000e+02
3.520000000000000000e+02
8.500000000000000000e+02
8.790000000000000000e+02
6.090000000000000000e+02
1.530000000000000000e+02
4.490000000000000000e+02
2.110000000000000000e+02
9.850000000000000000e+02
1.670000000000000000e+02
3.200000000000000000e+02
8.030000000000000000e+02
1.013000000000000000e+03
1.014000000000000000e+03
9.960000000000000000e+02
9.900000000000000000e+02
6.500000000000000000e+01
8.240000000000000000e+02
8.830000000000000000e+02
3.100000000000000000e+01
5.410000000000000000e+02
3.000000000000000000e+02
1.940000000000000000e+02
8.400000000000000000e+01
2.450000000000000000e+02
1.021000000000000000e+03
1.970000000000000000e+02
1.500000000000000000e+02
1.610000000000000000e+02
9.590000000000000000e+02
1.480000000000000000e+02
7.700000000000000000e+02
4.270000000000000000e+02
5.140000000000000000e+02
2.190000000000000000e+02
8.710000000000000000e+02
9.910000000000000000e+02
4.120000000000000000e+02
1.620000000000000000e+02
9.870000000000000000e+02
9.280000000000000000e+02
3.820000000000000000e+02
2.600000000000000000e+01
2.250000000000000000e+02
4.200000000000000000e+02
1.140000000000000000e+02
7.420000000000000000e+02
6.130000000000000000e+02
9.510000000000000000e+02
1.850000000000000000e+02
1.190000000000000000e+02
2.720000000000000000e+02
9.860000000000000000e+02
9.940000000000000000e+02
3.240000000000000000e+02
8.160000000000000000e+02
9.790000000000000000e+02
1.000000000000000000e+02
4.290000000000000000e+02
2.930000000000000000e+02
8.910000000000000000e+02
5.170000000000000000e+02
2.660000000000000000e+02
2.310000000000000000e+02
2.500000000000000000e+02
7.110000000000000000e+02
7.200000000000000000e+02
4.170000000000000000e+02
1.200000000000000000e+02
9.210000000000000000e+02
9.640000000000000000e+02
5.320000000000000000e+02
1.400000000000000000e+02
2.520000000000000000e+02
9.560000000000000000e+02
7.520000000000000000e+02
1.160000000000000000e+02
6.740000000000000000e+02
9.840000000000000000e+02
7.380000000000000000e+02
2.840000000000000000e+02
2.570000000000000000e+02
5.950000000000000000e+02
2.490000000000000000e+02
3.190000000000000000e+02
2.440000000000000000e+02
2.870000000000000000e+02
8.570000000000000000e+02
8.170000000000000000e+02
2.280000000000000000e+02
2.170000000000000000e+02
8.490000000000000000e+02
2.890000000000000000e+02
7.000000000000000000e+02
6.430000000000000000e+02
9.200000000000000000e+02
8.980000000000000000e+02
9.190000000000000000e+02
3.250000000000000000e+02
6.370000000000000000e+02
1.860000000000000000e+02
2.990000000000000000e+02
6.700000000000000000e+01
9.700000000000000000e+02
2.670000000000000000e+02
6.810000000000000000e+02
1.320000000000000000e+02
8.950000000000000000e+02
9.890000000000000000e+02
9.880000000000000000e+02
2.850000000000000000e+02
8.250000000000000000e+02
8.200000000000000000e+01
1.430000000000000000e+02
9.170000000000000000e+02
5.610000000000000000e+02
