1.450000000000000000e+02
3.560000000000000000e+02
2.090000000000000000e+02
5.480000000000000000e+02
9.600000000000000000e+01
8.000000000000000000e+02
5.120000000000000000e+02
2.360000000000000000e+02
8.330000000000000000e+02
9.700000000000000000e+01
3.880000000000000000e+02
4.280000000000000000e+02
3.810000000000000000e+02
1.440000000000000000e+02
4.810000000000000000e+02
5.470000000000000000e+02
7.360000000000000000e+02
5.160000000000000000e+02
2.060000000000000000e+02
2.160000000000000000e+02
4.840000000000000000e+02
1.720000000000000000e+02
8.650000000000000000e+02
1.770000000000000000e+02
4.830000000000000000e+02
1.790000000000000000e+02
2.050000000000000000e+02
8.340000000000000000e+02
3.320000000000000000e+02
2.080000000000000000e+02
7.810000000000000000e+02
1.350000000000000000e+02
7.080000000000000000e+02
5.810000000000000000e+02
7.390000000000000000e+02
6.120000000000000000e+02
2.100000000000000000e+02
2.410000000000000000e+02
1.290000000000000000e+02
4.480000000000000000e+02
8.320000000000000000e+02
6.600000000000000000e+01
7.680000000000000000e+02
4.590000000000000000e+02
9.550000000000000000e+02
4.800000000000000000e+02
2.380000000000000000e+02
6.400000000000000000e+01
1.820000000000000000e+02
2.690000000000000000e+02
8.440000000000000000e+02
5.440000000000000000e+02
7.500000000000000000e+02
9.800000000000000000e+01
1.750000000000000000e+02
5.760000000000000000e+02
8.660000000000000000e+02
1.810000000000000000e+02
1.730000000000000000e+02
1.640000000000000000e+02
7.400000000000000000e+02
2.240000000000000000e+02
7.040000000000000000e+02
6.360000000000000000e+02
8.130000000000000000e+02
2.340000000000000000e+02
1.360000000000000000e+02
7.710000000000000000e+02
3.220000000000000000e+02
8.640000000000000000e+02
7.510000000000000000e+02
8.510000000000000000e+02
1.990000000000000000e+02
7.830000000000000000e+02
2.040000000000000000e+02
1.630000000000000000e+02
1.280000000000000000e+02
7.490000000000000000e+02
2.150000000000000000e+02
2.130000000000000000e+02
1.740000000000000000e+02
2.140000000000000000e+02
2.560000000000000000e+02
9.220000000000000000e+02
2.120000000000000000e+02
5.790000000000000000e+02
5.130000000000000000e+02
2.480000000000000000e+02
8.680000000000000000e+02
2.070000000000000000e+02
9.610000000000000000e+02
1.800000000000000000e+02
2.260000000000000000e+02
9.240000000000000000e+02
8.010000000000000000e+02
7.060000000000000000e+02
4.130000000000000000e+02
4.500000000000000000e+02
1.760000000000000000e+02
6.720000000000000000e+02
8.460000000000000000e+02
9.530000000000000000e+02
